<?xml version="1.0"?>
<opencv_storage>
<move>h8 h9 h7 h6 i9 g7 f8 i8 f10 j7 k6 j8 i7 j6 j5 g8 f7 g10 f11 f9 g9 e11 j10 e7 f6 g4 i4 h3 h5 g6 g5 k5 i5 f5 i3 i6 i2 i1 h11 i11 k10 l10 l5 k4 l4 l6 k9 k11 l9 l7 m9 j9 k8 k7 n7 m8 d7 e10 n6 n5 m7 l8 f12 h12 e13 g11 f13 f14 g13 h13 i13 c10 c12
</move>
</opencv_storage>
