<?xml version="1.0"?>
<opencv_storage>
<move>h8 h9 j10 i9 g9 i7 i10 g10 k9 k10 i8 j8 k7 l8 f8 e8 h11 g12 g6 f6 h5 g5 i4 j3 e7 h6 f4 d6 j5 k6 g4 h4 i6
</move>
</opencv_storage>
