<?xml version="1.0"?>
<opencv_storage>
<move>h8 h9 h6 i10 i6 i9 g9 g8 j11 i7 h10 i11 i8 k9 j10 h7 g7 j9 l9 k8 l7 g12 h11 e10 d11 f11 h13 h12 i12 k10 k7 e8 f7 e9 e11 c8
</move>
</opencv_storage>
