<?xml version="1.0"?>
<opencv_storage>
<move>h8 h9 h6 i10 i6 i9 g9 g8 j11 i7 i8 k7 j9 k10 h10 j7 l7 f8 f7 h4 l8 l6 j8 k8 k9 i11 j12 j10 l10 l11 i13 k11 g13 m11 m10 l12 m13 k13 j14 n8 n9 n10 o9 j4 k6 g7 h7 j5 j6 g6 g5 k5 m7 j3 g11 h12 h13 k14 k12 f13 g12 g10 f11 i14 e11 d11 f12
</move>
</opencv_storage>
