<?xml version="1.0"?>
<opencv_storage>
<move>h8 h9 h6 i10 i6 i9 g9 g8 j11 i7 i8 h10 j8 g10 f10 j9 k8 l8 l9 j7 h11 f7
</move>
</opencv_storage>
